510 4
0 1 3 4 
1 2 4 5 
3 4 6 7 
4 5 7 8 
6 7 9 10 
7 8 10 11 
9 10 12 13 
10 11 13 14 
12 13 15 16 
13 14 16 17 
15 16 18 19 
16 17 19 20 
18 19 21 22 
19 20 22 23 
21 22 24 25 
22 23 25 26 
24 25 27 28 
25 26 28 29 
27 28 30 31 
28 29 31 32 
30 31 33 34 
31 32 34 35 
33 34 36 37 
34 35 37 38 
36 37 39 40 
37 38 40 41 
39 40 42 43 
40 41 43 44 
42 43 45 46 
43 44 46 47 
45 46 48 49 
46 47 49 50 
48 49 51 52 
49 50 52 53 
51 52 54 55 
52 53 55 56 
54 55 57 58 
55 56 58 59 
57 58 60 61 
58 59 61 62 
60 61 63 64 
61 62 64 65 
63 64 66 67 
64 65 67 68 
66 67 69 70 
67 68 70 71 
69 70 72 73 
70 71 73 74 
72 73 75 76 
73 74 76 77 
75 76 78 79 
76 77 79 80 
78 79 81 82 
79 80 82 83 
81 82 84 85 
82 83 85 86 
84 85 87 88 
85 86 88 89 
87 88 90 91 
88 89 91 92 
90 91 93 94 
91 92 94 95 
93 94 96 97 
94 95 97 98 
96 97 99 100 
97 98 100 101 
99 100 102 103 
100 101 103 104 
102 103 105 106 
103 104 106 107 
105 106 108 109 
106 107 109 110 
108 109 111 112 
109 110 112 113 
111 112 114 115 
112 113 115 116 
114 115 117 118 
115 116 118 119 
117 118 120 121 
118 119 121 122 
120 121 123 124 
121 122 124 125 
123 124 126 127 
124 125 127 128 
126 127 129 130 
127 128 130 131 
129 130 132 133 
130 131 133 134 
132 133 135 136 
133 134 136 137 
135 136 138 139 
136 137 139 140 
138 139 141 142 
139 140 142 143 
141 142 144 145 
142 143 145 146 
144 145 147 148 
145 146 148 149 
147 148 150 151 
148 149 151 152 
150 151 153 154 
151 152 154 155 
153 154 156 157 
154 155 157 158 
156 157 159 160 
157 158 160 161 
159 160 162 163 
160 161 163 164 
162 163 165 166 
163 164 166 167 
165 166 168 169 
166 167 169 170 
168 169 171 172 
169 170 172 173 
171 172 174 175 
172 173 175 176 
174 175 177 178 
175 176 178 179 
177 178 180 181 
178 179 181 182 
180 181 183 184 
181 182 184 185 
183 184 186 187 
184 185 187 188 
186 187 189 190 
187 188 190 191 
189 190 192 193 
190 191 193 194 
192 193 195 196 
193 194 196 197 
195 196 198 199 
196 197 199 200 
198 199 201 202 
199 200 202 203 
201 202 204 205 
202 203 205 206 
204 205 207 208 
205 206 208 209 
207 208 210 211 
208 209 211 212 
210 211 213 214 
211 212 214 215 
213 214 216 217 
214 215 217 218 
216 217 219 220 
217 218 220 221 
219 220 222 223 
220 221 223 224 
222 223 225 226 
223 224 226 227 
225 226 228 229 
226 227 229 230 
228 229 231 232 
229 230 232 233 
231 232 234 235 
232 233 235 236 
234 235 237 238 
235 236 238 239 
237 238 240 241 
238 239 241 242 
240 241 243 244 
241 242 244 245 
243 244 246 247 
244 245 247 248 
246 247 249 250 
247 248 250 251 
249 250 252 253 
250 251 253 254 
252 253 255 256 
253 254 256 257 
255 256 258 259 
256 257 259 260 
258 259 261 262 
259 260 262 263 
261 262 264 265 
262 263 265 266 
264 265 267 268 
265 266 268 269 
267 268 270 271 
268 269 271 272 
270 271 273 274 
271 272 274 275 
273 274 276 277 
274 275 277 278 
276 277 279 280 
277 278 280 281 
279 280 282 283 
280 281 283 284 
282 283 285 286 
283 284 286 287 
285 286 288 289 
286 287 289 290 
288 289 291 292 
289 290 292 293 
291 292 294 295 
292 293 295 296 
294 295 297 298 
295 296 298 299 
297 298 300 301 
298 299 301 302 
300 301 303 304 
301 302 304 305 
303 304 306 307 
304 305 307 308 
306 307 309 310 
307 308 310 311 
309 310 312 313 
310 311 313 314 
312 313 315 316 
313 314 316 317 
315 316 318 319 
316 317 319 320 
318 319 321 322 
319 320 322 323 
321 322 324 325 
322 323 325 326 
324 325 327 328 
325 326 328 329 
327 328 330 331 
328 329 331 332 
330 331 333 334 
331 332 334 335 
333 334 336 337 
334 335 337 338 
336 337 339 340 
337 338 340 341 
339 340 342 343 
340 341 343 344 
342 343 345 346 
343 344 346 347 
345 346 348 349 
346 347 349 350 
348 349 351 352 
349 350 352 353 
351 352 354 355 
352 353 355 356 
354 355 357 358 
355 356 358 359 
357 358 360 361 
358 359 361 362 
360 361 363 364 
361 362 364 365 
363 364 366 367 
364 365 367 368 
366 367 369 370 
367 368 370 371 
369 370 372 373 
370 371 373 374 
372 373 375 376 
373 374 376 377 
375 376 378 379 
376 377 379 380 
378 379 381 382 
379 380 382 383 
381 382 384 385 
382 383 385 386 
384 385 387 388 
385 386 388 389 
387 388 390 391 
388 389 391 392 
390 391 393 394 
391 392 394 395 
393 394 396 397 
394 395 397 398 
396 397 399 400 
397 398 400 401 
399 400 402 403 
400 401 403 404 
402 403 405 406 
403 404 406 407 
405 406 408 409 
406 407 409 410 
408 409 411 412 
409 410 412 413 
411 412 414 415 
412 413 415 416 
414 415 417 418 
415 416 418 419 
417 418 420 421 
418 419 421 422 
420 421 423 424 
421 422 424 425 
423 424 426 427 
424 425 427 428 
426 427 429 430 
427 428 430 431 
429 430 432 433 
430 431 433 434 
432 433 435 436 
433 434 436 437 
435 436 438 439 
436 437 439 440 
438 439 441 442 
439 440 442 443 
441 442 444 445 
442 443 445 446 
444 445 447 448 
445 446 448 449 
447 448 450 451 
448 449 451 452 
450 451 453 454 
451 452 454 455 
453 454 456 457 
454 455 457 458 
456 457 459 460 
457 458 460 461 
459 460 462 463 
460 461 463 464 
462 463 465 466 
463 464 466 467 
465 466 468 469 
466 467 469 470 
468 469 471 472 
469 470 472 473 
471 472 474 475 
472 473 475 476 
474 475 477 478 
475 476 478 479 
477 478 480 481 
478 479 481 482 
480 481 483 484 
481 482 484 485 
483 484 486 487 
484 485 487 488 
486 487 489 490 
487 488 490 491 
489 490 492 493 
490 491 493 494 
492 493 495 496 
493 494 496 497 
495 496 498 499 
496 497 499 500 
498 499 501 502 
499 500 502 503 
501 502 504 505 
502 503 505 506 
504 505 507 508 
505 506 508 509 
507 508 510 511 
508 509 511 512 
510 511 513 514 
511 512 514 515 
513 514 516 517 
514 515 517 518 
516 517 519 520 
517 518 520 521 
519 520 522 523 
520 521 523 524 
522 523 525 526 
523 524 526 527 
525 526 528 529 
526 527 529 530 
528 529 531 532 
529 530 532 533 
531 532 534 535 
532 533 535 536 
534 535 537 538 
535 536 538 539 
537 538 540 541 
538 539 541 542 
540 541 543 544 
541 542 544 545 
543 544 546 547 
544 545 547 548 
546 547 549 550 
547 548 550 551 
549 550 552 553 
550 551 553 554 
552 553 555 556 
553 554 556 557 
555 556 558 559 
556 557 559 560 
558 559 561 562 
559 560 562 563 
561 562 564 565 
562 563 565 566 
564 565 567 568 
565 566 568 569 
567 568 570 571 
568 569 571 572 
570 571 573 574 
571 572 574 575 
573 574 576 577 
574 575 577 578 
576 577 579 580 
577 578 580 581 
579 580 582 583 
580 581 583 584 
582 583 585 586 
583 584 586 587 
585 586 588 589 
586 587 589 590 
588 589 591 592 
589 590 592 593 
591 592 594 595 
592 593 595 596 
594 595 597 598 
595 596 598 599 
597 598 600 601 
598 599 601 602 
600 601 603 604 
601 602 604 605 
603 604 606 607 
604 605 607 608 
606 607 609 610 
607 608 610 611 
609 610 612 613 
610 611 613 614 
612 613 615 616 
613 614 616 617 
615 616 618 619 
616 617 619 620 
618 619 621 622 
619 620 622 623 
621 622 624 625 
622 623 625 626 
624 625 627 628 
625 626 628 629 
627 628 630 631 
628 629 631 632 
630 631 633 634 
631 632 634 635 
633 634 636 637 
634 635 637 638 
636 637 639 640 
637 638 640 641 
639 640 642 643 
640 641 643 644 
642 643 645 646 
643 644 646 647 
645 646 648 649 
646 647 649 650 
648 649 651 652 
649 650 652 653 
651 652 654 655 
652 653 655 656 
654 655 657 658 
655 656 658 659 
657 658 660 661 
658 659 661 662 
660 661 663 664 
661 662 664 665 
663 664 666 667 
664 665 667 668 
666 667 669 670 
667 668 670 671 
669 670 672 673 
670 671 673 674 
672 673 675 676 
673 674 676 677 
675 676 678 679 
676 677 679 680 
678 679 681 682 
679 680 682 683 
681 682 684 685 
682 683 685 686 
684 685 687 688 
685 686 688 689 
687 688 690 691 
688 689 691 692 
690 691 693 694 
691 692 694 695 
693 694 696 697 
694 695 697 698 
696 697 699 700 
697 698 700 701 
699 700 702 703 
700 701 703 704 
702 703 705 706 
703 704 706 707 
705 706 708 709 
706 707 709 710 
708 709 711 712 
709 710 712 713 
711 712 714 715 
712 713 715 716 
714 715 717 718 
715 716 718 719 
717 718 720 721 
718 719 721 722 
720 721 723 724 
721 722 724 725 
723 724 726 727 
724 725 727 728 
726 727 729 730 
727 728 730 731 
729 730 732 733 
730 731 733 734 
732 733 735 736 
733 734 736 737 
735 736 738 739 
736 737 739 740 
738 739 741 742 
739 740 742 743 
741 742 744 745 
742 743 745 746 
744 745 747 748 
745 746 748 749 
747 748 750 751 
748 749 751 752 
750 751 753 754 
751 752 754 755 
753 754 756 757 
754 755 757 758 
756 757 759 760 
757 758 760 761 
759 760 762 763 
760 761 763 764 
762 763 765 766 
763 764 766 767 
