62 4
0 1 3 4 
1 2 4 5 
3 4 6 7 
4 5 7 8 
6 7 9 10 
7 8 10 11 
9 10 12 13 
10 11 13 14 
12 13 15 16 
13 14 16 17 
15 16 18 19 
16 17 19 20 
18 19 21 22 
19 20 22 23 
21 22 24 25 
22 23 25 26 
24 25 27 28 
25 26 28 29 
27 28 30 31 
28 29 31 32 
30 31 33 34 
31 32 34 35 
33 34 36 37 
34 35 37 38 
36 37 39 40 
37 38 40 41 
39 40 42 43 
40 41 43 44 
42 43 45 46 
43 44 46 47 
45 46 48 49 
46 47 49 50 
48 49 51 52 
49 50 52 53 
51 52 54 55 
52 53 55 56 
54 55 57 58 
55 56 58 59 
57 58 60 61 
58 59 61 62 
60 61 63 64 
61 62 64 65 
63 64 66 67 
64 65 67 68 
66 67 69 70 
67 68 70 71 
69 70 72 73 
70 71 73 74 
72 73 75 76 
73 74 76 77 
75 76 78 79 
76 77 79 80 
78 79 81 82 
79 80 82 83 
81 82 84 85 
82 83 85 86 
84 85 87 88 
85 86 88 89 
87 88 90 91 
88 89 91 92 
90 91 93 94 
91 92 94 95 
